Date,CODATA.Death,CODATA.DeathIncrease
2020-3-4,0,0
2020-3-5,0,0
2020-3-6,0,0
2020-3-7,0,0
2020-3-8,0,0
2020-3-9,0,0
2020-3-10,0,0
2020-3-11,0,0
2020-3-12,0,0
2020-3-13,1,1
2020-3-14,1,0
2020-3-15,1,0
2020-3-16,1,0
2020-3-17,2,1
2020-3-18,2,0
2020-3-19,2,0
2020-3-20,4,2
2020-3-21,5,1
2020-3-22,6,1
2020-3-23,7,1
2020-3-24,11,4
2020-3-25,19,8
2020-3-26,24,5
2020-3-27,31,7
2020-3-28,44,13
2020-3-29,47,3
2020-3-30,51,4
2020-3-31,69,18
2020-4-1,80,11
2020-4-2,97,17
2020-4-3,111,14
2020-4-4,126,15
2020-4-5,140,14
2020-4-6,150,10
2020-4-7,179,29
2020-4-8,193,14
2020-4-9,226,33
2020-4-10,250,24
2020-4-11,274,24
2020-4-12,290,16
2020-4-13,308,18
2020-4-14,329,21
2020-4-15,357,28
2020-4-16,374,17
2020-4-17,391,17
2020-4-18,411,20
2020-4-19,422,11
2020-4-20,449,27
2020-4-21,486,37
2020-4-22,508,22
2020-4-23,552,44
2020-4-24,674,122
2020-4-25,672,0
2020-4-26,680,8
2020-4-27,706,26
2020-4-28,736,30
2020-4-29,766,30
2020-4-30,777,11
2020-5-1,820,43
2020-5-2,832,12
2020-5-3,842,10
2020-5-4,851,9
2020-5-5,903,52
2020-5-6,921,18
2020-5-7,944,23
2020-5-8,960,16
2020-5-9,967,7
2020-5-10,971,4
2020-5-11,987,16
2020-5-12,1009,22
2020-5-13,1062,53
2020-5-14,1091,29
2020-5-15,1150,59
2020-5-16,1192,42
2020-5-17,1215,23
2020-5-18,1224,9
2020-5-19,1257,33
2020-5-20,1299,42
2020-5-21,1310,11
2020-5-22,1324,14
2020-5-23,1327,3
2020-5-24,1332,5
2020-5-25,1333,1
2020-5-26,1352,19
2020-5-27,1392,40
2020-5-28,1421,29
2020-5-29,1436,15
2020-5-30,1443,7
2020-5-31,1445,2
2020-6-1,1458,13
2020-6-2,1474,16
2020-6-3,1494,20
2020-6-4,1512,18
2020-6-5,1524,12
2020-6-6,1527,3
2020-6-7,1527,0
2020-6-8,1543,16
2020-6-9,1553,10
2020-6-10,1573,20
2020-6-11,1583,10
2020-6-12,1595,12
2020-6-13,1598,3
2020-6-14,1599,1
2020-6-15,1605,6
2020-6-16,1617,12
2020-6-17,1631,14
2020-6-18,1638,7
2020-6-19,1643,5
2020-6-20,1647,4
2020-6-21,1647,0
2020-6-22,1651,4
2020-6-23,1665,14
2020-6-24,1667,2
2020-6-25,1669,2
2020-6-26,1673,4
2020-6-27,1674,1
2020-6-28,1676,2
2020-6-29,1682,6
2020-6-30,1690,8
2020-7-1,1697,7
2020-7-2,1701,4
2020-7-3,1701,0
2020-7-4,1701,0
2020-7-5,1701,0
2020-7-6,1691,0
2020-7-7,1696,5
2020-7-8,1704,8
2020-7-9,1706,2
2020-7-10,1724,18
2020-7-11,1725,1
2020-7-12,1725,0
2020-7-13,1727,2
2020-7-14,1738,11
2020-7-15,1744,6
2020-7-16,1745,1
2020-7-17,1751,6
2020-7-18,1752,1
2020-7-19,1752,0
2020-7-20,1758,6
2020-7-21,1763,5
2020-7-22,1771,8
2020-7-23,1786,15
2020-7-24,1790,4
2020-7-25,1794,4
2020-7-26,1794,0
2020-7-27,1799,5
2020-7-28,1807,8
2020-7-29,1822,15
2020-7-30,1822,0
2020-7-31,1838,16
2020-8-1,1844,6
2020-8-2,1844,0
2020-8-3,1844,0
2020-8-4,1849,5
2020-8-5,1851,2
2020-8-6,1852,1
2020-8-7,1857,5
2020-8-8,1857,0
2020-8-9,1858,1
2020-8-10,1863,5
2020-8-11,1875,12
2020-8-12,1875,0
2020-8-13,1882,7
2020-8-14,1888,6
2020-8-15,1896,8
2020-8-16,1896,0
2020-8-17,1896,0
2020-8-18,1899,3
2020-8-19,1900,1
2020-8-20,1903,3
2020-8-21,1910,7
2020-8-22,1918,8
2020-8-23,1918,0
2020-8-24,1919,1
2020-8-25,1926,7
2020-8-26,1927,1
2020-8-27,1931,4
2020-8-28,1937,6
2020-8-29,1944,7
2020-8-30,1944,0
2020-8-31,1945,1
2020-9-1,1946,1
2020-9-2,1952,6
2020-9-3,1955,3
2020-9-4,1966,11
2020-9-5,1971,5
2020-9-6,1972,1
2020-9-7,1973,1
2020-9-8,1973,0
2020-9-9,1977,4
2020-9-10,1979,2
2020-9-11,1985,6
2020-9-12,1988,3
2020-9-13,1988,0
2020-9-14,1990,2
2020-9-15,1996,6
2020-9-16,2002,6
2020-9-17,2006,4
2020-9-18,2009,3
2020-9-19,2013,4
2020-9-20,2014,1
2020-9-21,2018,4
2020-9-22,2025,7
2020-9-23,2030,5
2020-9-24,2033,3
2020-9-25,2037,4
2020-9-26,2040,3
2020-9-27,2041,1
2020-9-28,2044,3
2020-9-29,2046,2
2020-9-30,2051,5
2020-10-1,2054,3
2020-10-2,2057,3
2020-10-3,2060,3
2020-10-4,2068,8
2020-10-5,2069,1
2020-10-6,2081,12
2020-10-7,2085,4
2020-10-8,2095,10
2020-10-9,2103,8
2020-10-10,2112,9
2020-10-11,2113,1
2020-10-12,2116,3
2020-10-13,2153,37
2020-10-14,2160,7
2020-10-15,2162,2
2020-10-16,2172,10
2020-10-17,2176,4
2020-10-18,2176,0
2020-10-19,2180,4
2020-10-20,2182,2
2020-10-21,2194,12
2020-10-22,2198,4
2020-10-23,2211,13
2020-10-24,2218,7
2020-10-25,2223,5
2020-10-26,2226,3
2020-10-27,2236,10
2020-10-28,2249,13
2020-10-29,2268,19
2020-10-30,2278,10
2020-10-31,2285,7
2020-11-1,2288,3
2020-11-2,2292,4
2020-11-3,2311,19
2020-11-4,2333,22
2020-11-5,2353,20
2020-11-6,2376,23
2020-11-7,2389,13
2020-11-8,2394,5
2020-11-9,2408,14
2020-11-10,2427,19
2020-11-11,2443,16
2020-11-12,2468,25
2020-11-13,2504,36
2020-11-14,2525,21
2020-11-15,2546,21
2020-11-16,2578,32
2020-11-17,2608,30
2020-11-18,2651,43
2020-11-19,2730,79
2020-11-20,2745,15
2020-11-21,2787,42
2020-11-22,2806,19
2020-11-23,2810,4
2020-11-24,2860,50
2020-11-25,2906,46
2020-11-26,2957,51
2020-11-27,2977,20
2020-11-28,2983,6
2020-11-29,3003,20
2020-11-30,3037,34
2020-12-1,3109,72
2020-12-2,3193,84
2020-12-3,3320,127
2020-12-4,3338,18
2020-12-5,3357,19
2020-12-6,3356,0
2020-12-7,3358,2
2020-12-8,3372,14
2020-12-9,3639,267
2020-12-10,3759,120
2020-12-11,3846,87
2020-12-12,3871,25
2020-12-13,3958,87
2020-12-14,3969,11
2020-12-15,4085,116
2020-12-16,4156,71
2020-12-17,4226,70
2020-12-18,4259,33
2020-12-19,4339,80
2020-12-20,4368,29
2020-12-21,4378,10
2020-12-22,4369,0
2020-12-23,4462,93
2020-12-24,4550,88
2020-12-25,4586,36
2020-12-26,4592,6
2020-12-27,4610,18
2020-12-28,4631,21
2020-12-29,4687,56
2020-12-30,4750,63
2020-12-31,4814,64
2021-1-1,4873,59
2021-1-2,4912,39
2021-1-3,4934,22
2021-1-4,4944,10
2021-1-5,4991,47
2021-1-6,5050,59
2021-1-7,5102,52
2021-1-8,5138,36
2021-1-9,5190,52
2021-1-10,5208,18
2021-1-11,5213,5
2021-1-12,5242,29
2021-1-13,5285,43
2021-1-14,5316,31
2021-1-15,5343,27
2021-1-16,5363,20
2021-1-17,5379,16
2021-1-18,5386,7
2021-1-19,5388,2
2021-1-20,5422,34
2021-1-21,5440,18
2021-1-22,5462,22
2021-1-23,5482,20
2021-1-24,5505,23
2021-1-25,5512,7
2021-1-26,5517,5
2021-1-27,5552,35
2021-1-28,5569,17
2021-1-29,5594,25
2021-1-30,5616,22
2021-1-31,5637,21
2021-2-1,5641,4
2021-2-2,5650,9
2021-2-3,5664,14
2021-2-4,5677,13
2021-2-5,5704,27
2021-2-6,5721,17
2021-2-7,5731,10
2021-2-8,5733,2
2021-2-9,5746,13
2021-2-10,5770,24
2021-2-11,5781,11
2021-2-12,5790,9
2021-2-13,5814,24
2021-2-14,5824,10
2021-2-15,5826,2
2021-2-16,5828,2
2021-2-17,5838,10
2021-2-18,5864,26
2021-2-19,5878,14
2021-2-20,5887,9
2021-2-21,5892,5
2021-2-22,5893,1
2021-2-23,5907,14
2021-2-24,5917,10
2021-2-25,5925,8
2021-2-26,5940,15
2021-2-27,5945,5
2021-2-28,5951,6
2021-3-1,5952,1
2021-3-2,5959,7
2021-3-3,5970,11
2021-3-4,5974,4
2021-3-5,5986,12
2021-3-6,5986,0
2021-3-7,5989,3